[{'object0': (1, 1, -2, 0, 800, 0, 800, [484.0, 110.0])}]
[{'object1': (2, 2, 1, 0, 800, 0, 800, [765.0, 317.0])}]
[{'object2': (3, 2, -2, 0, 800, 0, 800, [750.0, 297.0])}]
[{'object3': (4, -1, -2, 0, 800, 0, 800, [713.0, 88.0])}]
[{'object4': (5, 2, 1, 0, 800, 0, 800, [8.0, 416.0])}]
[{'object5': (6, -1, -1, 0, 800, 0, 800, [464.0, 16.0])}]
[{'object6': (7, 2, 1, 0, 800, 0, 800, [120.0, 18.0])}]
[{'object7': (8, 1, 2, 0, 800, 0, 800, [255.0, 368.0])}]
[{'object8': (9, -2, -1, 0, 800, 0, 800, [679.0, 368.0])}]
[{'object9': (10, 1, -2, 0, 800, 0, 800, [94.0, 421.0])}]
[{'object10': (11, 2, -2, 0, 800, 0, 800, [117.0, 422.0])}]
[{'object11': (12, 2, 2, 0, 800, 0, 800, [619.0, 413.0])}]
[{'object12': (13, 1, -1, 0, 800, 0, 800, [582.0, 496.0])}]
[{'object13': (14, 2, -2, 0, 800, 0, 800, [463.0, 185.0])}]
[{'object14': (15, 2, 1, 0, 800, 0, 800, [584.0, 39.0])}]
[{'object15': (16, 1, -1, 0, 800, 0, 800, [383.0, 150.0])}]
[{'object16': (17, -1, 2, 0, 800, 0, 800, [448.0, 187.0])}]
[{'object17': (18, 1, 2, 0, 800, 0, 800, [499.0, 467.0])}]
[{'object18': (19, -2, 2, 0, 800, 0, 800, [712.0, 310.0])}]
[{'object19': (20, -2, -2, 0, 800, 0, 800, [162.0, 86.0])}]
[{'object20': (21, 2, -2, 0, 800, 0, 800, [662.0, 426.0])}]
[{'object21': (22, -2, 1, 0, 800, 0, 800, [329.0, 5.0])}]
[{'object22': (23, -1, 1, 0, 800, 0, 800, [505.0, 172.0])}]
[{'object23': (24, 2, -2, 0, 800, 0, 800, [587.0, 440.0])}]
[{'object24': (25, 2, 1, 0, 800, 0, 800, [729.0, 88.0])}]
[{'object25': (26, -2, -1, 0, 800, 0, 800, [698.0, 196.0])}]
[{'object26': (27, -1, 1, 0, 800, 0, 800, [518.0, 255.0])}]
[{'object27': (28, -1, -2, 0, 800, 0, 800, [360.0, 232.0])}]